Column Density	Temperature	Something else
0.04272691414049723	0.8877974528640775	0.08720066985076713
0.7621584096058713	0.9937947956581669	0.06274876198130319
0.27046516273308085	0.49724359832179266	0.112235211134881
0.8591615845403927	0.7980438471917661	0.04853337996463469
0.8318285042281554	0.33189233336580115	0.9583449817760797
0.19535125730946257	0.13073067927559934	0.7204160941692289
0.36317176592510303	0.3527820626704501	0.831847977983045
0.45787808833956	0.39772922268184896	0.13400938914579574
0.8350000085922162	0.6369730647149662	0.7687779245429933
0.08806264709183054	0.10942840621493355	0.16482816271077239
0.8473465243158635	0.8338733977237148	0.06381943060532358
0.10164028869934927	0.9000045060065686	0.09652275136840183
0.6673257593586296	0.1604679335003869	0.1757014493205976
0.40147506275672395	0.36948989375842656	0.6140438851700483
0.10653128308723803	0.5614295434655584	0.04484677088930411
0.08937922798769382	0.4223365285368653	0.733387715004393
0.06788643599385369	0.9953643840731913	0.3475572139641372
0.4483659911315152	0.14962962463352536	0.5539467441579236
0.3982904322126757	0.37375875627529154	0.32294385906913736
0.3773135192714294	0.48057770258422317	0.6372014208884893
0.8189670156120281	0.9124525691443669	0.4160292359641471
0.008456558500498756	0.33974716937687155	0.4388423854387604
0.6213751519013936	0.28819863245152655	0.7667904531180403
0.07951776286491119	0.24934153857436692	0.7855772535358004
0.5873530387736356	0.5735466686954263	0.3385036704652773
0.7423316756701608	0.5496615778974611	0.2593945680419607
0.7449688373865047	0.9932125331488169	0.16264660423774324
0.3522898818369635	0.23947909418090207	0.40403174146781917
0.018970369463740644	0.6665287673951388	0.5577717519840438
0.45339293667019387	0.14060046376915802	0.37935393540079854
0.40576949804129847	0.758948180649077	0.6500360613013709
0.0992005951982986	0.44623347721033024	0.9596710109083313
0.7043614954260139	0.6608312109312355	0.10817870457371026
0.32645797314648894	0.9114158447354467	0.3709613454282261
0.31162491081624877	0.8051366709532805	0.6588139442686498
0.2885956278038164	0.947889761818727	0.13822154183872415
0.7077531435982309	0.4609552196066682	0.14886151793905567
0.9066659551542846	0.524092742093303	0.18449608565517517
0.8103956667674568	0.9768943428372704	0.09518768509555564
0.8459066655970101	0.9456326048152648	0.6995870003827391
0.5368581580957953	0.560711764326244	0.6414765911005612
0.9389459305412808	0.3296219446840537	0.4563320923842529
0.8661331950288168	0.6576804345789803	0.15954586535605075
0.935713289513319	0.07386921197161189	0.7710957460584708
0.9562656603711287	0.8519318961267073	0.9170856449114333
0.5166144185732056	0.4359508754770084	0.6444858376023255
0.7769906479362017	0.3618289505495764	0.15489323306394376
0.5685036150983585	0.039148608402281404	0.6184812406482351
0.16894522206369456	0.058023347911177026	0.869871775576216
0.18314845523240797	0.9778525758739899	0.3555052107901474
0.2557015028845332	0.2527871093270012	0.7458140211040126
0.602890273677067	0.5173801681975254	0.09721868187660321
0.39664018669784207	0.4297071283717744	0.423523869899439
0.1941769257121524	0.8512267684309393	0.22462214528299917
0.15260940790136024	0.08350388689022403	0.17285857946079508
0.386930633686137	0.08180156914666692	0.5298324769309993
0.9878603311076941	0.06390262384390699	0.5115930182114146
0.7589067553392758	0.7106897888703911	0.18839769085609825
0.315331273014517	0.36284028040250715	0.3804833667797537
0.5961154041081361	0.8209117025324879	0.9549016839553902
0.461855866467779	0.14379408695388995	0.5358839228582827
0.5638342026895855	0.6468185733754904	0.838905540055505
0.26523295547945847	0.6499673718052347	0.901310894271071
0.8838921040381956	0.9218801011494292	0.4444401204010173
0.1121698963950335	0.5875139983567613	0.9790572565763447
0.46493602676950985	0.8443560499800112	0.2179257900034608
0.17937945207681483	0.16248718606774593	0.9179259248021876
0.6340569271092984	0.7694925118871407	0.38294731233543344
0.3051801235981433	0.3850679833255275	0.9107388080249378
0.7927009522360899	0.8209692307440943	0.6705704631977994
0.8452505304442887	0.1681888262417467	0.5533183853057827
0.536540144944212	0.05612738906900416	0.9687539222565235
0.14166097770763597	0.2749978717907665	0.6419326553721949
0.3077963730808637	0.3944859195297771	0.3008647994885344
0.278015095214468	0.8134089563927617	0.4715289437914739
0.11618888299984109	0.9927408146460902	0.31239816757769046
0.5013489854732953	0.5942167205353212	0.21161842084239024
0.0470974125542134	0.4815601493275803	0.4369144098155241
0.22450399719194947	0.501690966749006	0.9603011805180351
0.030841644669098667	0.8363373262156288	0.5492360481656657
0.7376854233720083	0.1393391918553759	0.4378519033518802
0.2866075653624379	0.04043637391482746	0.6731008868764228
0.5514825119036205	0.2299138590882278	0.3099398406957419
0.018056998620669562	0.8264583027914993	0.9444069044530199
0.6599115440195363	0.7986068264913273	0.7143308081865527
0.6436639959592517	0.28471161073897533	0.2830102041697634
0.08479331867598328	0.1398699512276289	0.8696405048960959
0.5600259747210018	0.9320637807119309	0.8676532067780309
0.8723812833484689	0.243640440721283	0.20493051135002194
0.2529609627198127	0.275895649211502	0.34687455847224324
0.26805021544133245	0.8929470508088543	0.49054059322979326
0.8933389594198261	0.16263203571670148	0.7038415170229524
0.08098938713300396	0.27397698859884356	0.7397845775992378
0.4712773167498503	0.5096055342030809	0.28746268513660156
0.8403016096772995	0.4964833609821838	0.051015577070587126
0.021766492809139004	0.2333696871637433	0.7834847840394659
0.8019812135880177	0.69218230138505	0.8135520810982986
0.2795945892612306	0.226023731467902	0.8494832075669523
0.775930656709146	0.6106447614130193	0.49451388953958175
0.1846021322979523	0.39300404487222296	0.579786245887754
0.4338629797078739	0.19528359167409037	0.07603844107423441
0.8101435883963883	0.6286677680532403	0.8783092248720671
0.5243379035433149	0.55840782038858	0.38979330889243646
0.1555476762065543	0.2358397615799105	0.5791489467165096
0.44398045799234875	0.8143267959691073	0.2809559761811762
0.8834025638453918	0.13989155333960945	0.7348587511578777
0.45502653118702685	0.29232249271988187	0.06467162771661628
0.9431519287511693	0.9775082193553672	0.583581268530067
0.522881966064551	0.0855827432233146	0.4171617067860569
0.0671665471862205	0.8796241507732355	0.7404308259593037
0.5986074762181083	0.26688798296727934	0.8135347650139461
0.2411955152123001	0.015214969937412337	0.40987774659885945
0.5502762034474008	0.24140699971445123	0.24731071631043489
0.5109783201189665	0.5145130850692083	0.14538680730619702
0.9038222129760716	0.5885272340844603	0.21229315878672483
0.9185172101605019	0.30762418592110274	0.7441749795792574
0.20539893311031054	0.45549338012867235	0.8195599453410285
0.06978688252759535	0.5546745760306037	0.7748702651637346
0.4143425983960193	0.9843653719500682	0.35993937253888986
0.8596198617909563	0.27451881809885614	0.5415940206876277
0.7558853119366299	0.9179354329789075	0.896867982170736
0.36251621877348394	0.5991258556065002	0.6455520193621146
0.40775281024762444	0.4766809851521837	0.8679449231473149
0.5223723434317243	0.8250613121650962	0.794900626096034
0.5091784916361356	0.2265837255145544	0.7839693620994065
0.03843463848914175	0.1304899583951611	0.6297676179424707
0.04543071588197345	0.25498257440965577	0.3059216344927317
0.6277842875040422	0.39167632790218465	0.19921766640916405
0.8805015836171846	0.5735593750862121	0.31639395456862485
0.7598401316938402	0.42972892370587734	0.5151380170430792
0.7408277075793611	0.259702641877696	0.07853322587119083
0.11761396061029816	0.8771700026152969	0.22206888786941004
0.5148691281596157	0.5989584628499048	0.9366807025350534
0.1912565469595081	0.006888451162942011	0.2247915621373252
0.9703075535084621	0.5995619757127691	0.8782970451016281
0.03504371223867275	0.2420495292020789	0.7407508232418457
0.16578760374653922	0.2540782077230628	0.5335693689832157
0.689801698798384	0.09196557569726704	0.0730114474904826
0.7928827855424221	0.24419824818674707	0.7824120032627796
0.9134494174120957	0.7143645133961469	0.902990384237186
0.08332603689912255	0.10878291104616122	0.619133059675995
0.11036403100553582	0.5359590898955489	0.9103170099228597
0.43956760450190824	0.8791257151248887	0.3006392256156726
0.9714754453982108	0.7139530814871164	0.8740571108111465
0.36238938665606757	0.9162223902940911	0.4990764881297578
0.0419815514951124	0.3016235127249606	0.09523893428772945
0.8260563443574239	0.7211009587918626	0.3737390802516055
0.8847916416866689	0.48098281526851705	0.5843585843260113
0.9036136654605623	0.04328313782734872	0.5744573909938032
0.7679830610174357	0.14372742345159628	0.5631981666408882
0.40981076525055493	0.632947260853777	0.10855326850892855
0.4631246120077491	0.2715075386601332	0.22360837830310676
0.5730288106361052	0.3376216808289173	0.7410499616382449
0.902661470583282	0.5310688253265425	0.9188023495550461
0.79066980543588	0.48235706836600467	0.09807284457346555
0.9764780600147316	0.4395533830697401	0.30052592043752446
0.6050125398254508	0.8597109191042857	0.8436917472421518
0.007998690294289124	0.8015503451315881	0.01031524559479391
0.08135163621965413	0.7009599270023623	0.2688316214234924
0.33778993469828555	0.5666731179517707	0.9212291293461029
0.7054380943613734	0.30540505923064487	0.41608347345549135
0.634904125195888	0.2590547416658362	0.3621016539856039
0.8718248765530953	0.15151587854485238	0.3630907150281254
0.5463556453221992	0.7022038734468962	0.20643053948054513
0.5050073015312638	0.38271234773572316	0.14912977000743777
0.43231377143178074	0.8644458643612187	0.5158291902569424
0.4563363539620785	0.9373285491160415	0.8949270849073269
0.3165628319308931	0.42242016127693227	0.37010133970102266
0.8439731477246436	0.35846618906927585	0.532186665382214
0.4435221035045547	0.16730216026749578	0.43478871301162925
0.06374601817037351	0.7389070230853446	0.3713660326764935
0.9540481081710747	0.569570418713084	0.4438746728613422
0.9811772759311637	0.09401554109042509	0.9222773246128584
0.973006676549933	0.4847472921902789	0.8515401473237244
0.2283011125676615	0.9045821874123531	0.27841951007346977
0.5418107345501573	0.2570468799191674	0.7302930565141483
0.014086320864146518	0.8109063303763171	0.9025617103976004
0.5050452397150607	0.9462285618151396	0.4015596264875001
0.023627814109382972	0.19010549601210303	0.2024491968857436
0.7324810007126598	0.08754708628727814	0.9601131848816438
0.9139147201258252	0.0869938459588726	0.5655771155468221
0.254068372109319	0.9910556287996006	0.2945314989889324
0.41819274559297404	0.5334700183647054	0.8728245643158833
0.04082715372953505	0.4530103840728271	0.48092334062701014
0.9222243294684959	0.6706550947860244	0.6878490336140721
0.05071252581560559	0.9445896983237145	0.6954588684809534
0.6270150847183649	0.40850655634055977	0.7328739630467297
0.9650334631248404	0.17077728095336886	0.7417932271363782
0.18944060970314425	0.15296377786165305	0.22819152227939843
0.5918984275575663	0.8908724111626779	0.4189934342955002
0.7000627221802951	0.23823783685979738	0.4798642212049813
0.24552237865135684	0.1621136603710236	0.5403921922957777
0.584274368133241	0.4150756706722597	0.9200360188097255
0.43518273549938635	0.20451135907734674	0.7799740381329943
0.20408777311174842	0.09677336502957135	0.5872458341621456
0.34500322188392596	0.29199171580235095	0.3834127875594292
0.03699019481558663	0.34226663497707766	0.545535100917948
0.12853999515114833	0.9778225196335407	0.6061043189494725
0.7366662164507397	0.7999609148479292	0.46415460082812776
0.955736018398408	0.3021487686102281	0.12178678453173886
0.09402615445397844	0.32339261797742835	0.31808282832895063
0.15991791803878497	0.40177970630700144	0.8077832740942585
0.0037277901003625047	0.6215461122270581	0.9051331864691067
0.6996261747356466	0.5926191414332479	0.5040777933660159
0.7289291002671211	0.9032940037370462	0.5294929394807799
0.5887142370043295	0.38139405797394277	0.2849738647636598
0.3444924171087841	0.4657705259845718	0.580609879936774
0.549620947260785	0.8244232887821386	0.13087628163928056
0.08725503392850009	0.9219610764023084	0.7733174849783503
0.8372502126004171	0.38508128406679687	0.5004241300315087
0.23488331954345376	0.3696322277138665	0.9847826006318554
0.849989905391491	0.8692309277922751	0.12430855434072663
0.3557189406495368	0.009741321477668041	0.6286223692941942
0.9509699437351592	0.18244014995197977	0.9479213466756804
0.16749048719416437	0.8004242551398247	0.10658531055822096
0.1268931631953445	0.4181712559591355	0.892410767953418
0.7433994922000986	0.2356584017518033	0.5809689641089288
0.4184360435643094	0.8090671204376757	0.4115739552677581
0.11945574742019427	0.23728790305637126	0.6373681068061974
0.842256209309865	0.460718540031976	0.03943927683766446
0.9255982003719924	0.47877222419538623	0.04510635454370704
0.7741375907530742	0.7931267036935814	0.9972855315612214
0.0704236815490259	0.7786735775885059	0.39656423812050734
0.363716098729024	0.5190811283502929	0.9951590144519892
0.7582237134036287	0.4373532191285405	0.0300173489298462
0.8103021931668115	0.2304671317205852	0.7169554710900207
0.23870896999959568	0.36888786360871395	0.4467334911516223
0.9545508487516091	0.42893772002824004	0.6856065499860318
0.26299766025825355	0.19433041887575386	0.9122019443828893
0.23991604563630975	0.13618308177860172	0.4907795304398562
0.27344300133500576	0.0205781691732958	0.18259921296817405
0.9785586677832088	0.4694271794136027	0.6950750593151503
0.8775742856407615	0.8777829265695151	0.5261503458759349
0.19875306336335807	0.6840555601092128	0.3738732535284851
0.5875528699976353	0.937309329106937	0.4647458577989738
0.8012241172297484	0.6951879069387252	0.2610535532138353
0.3986203095927443	0.9060862660357615	0.7980760540260696
0.27403104925025845	0.9370244184801276	0.24441797785045105
0.45704190288082813	0.2533819701725084	0.11079577748868308
0.2049684653136794	0.0058826043902748815	0.3541841404428191
0.7116244306357373	0.01958311743058505	0.823151422364136
0.613593063659901	0.9853123304617837	0.6579189470502023
0.22994428305743198	0.509315043206394	0.5443182725043679
0.6745756035881489	0.7578027062675596	0.4429004833807846
0.4531934116724764	0.9525687894714358	0.3552193993296333
0.4065267218002615	0.7880857254834608	0.005174921703169577
0.7990744879649119	0.9075000400181006	0.22706727096076573
0.7823627198446658	0.086767018544326	0.7078374827581535
0.7358380636219549	0.04942006220055106	0.9455991064314901
0.029826074620105336	0.4411693829275347	0.27658612761898316
5.77775150567561e-06	0.928322002592922	0.1927072081206036
0.21108278681942194	0.6280685040556022	0.35546285834696867
0.3625891339422511	0.19130990106865664	0.9178666333719572
0.48804696391566604	0.769915069594105	0.3695878684975983
0.8263941240713365	0.362276411958092	0.9092303142496143
0.7431213526750186	0.9809200901885553	0.7355305417990263
0.008541230849343995	0.8016908863056378	0.8134513177162641
0.08777680129377696	0.6967028848627597	0.8122276259214843
0.7365804422985125	0.44898472566286174	0.5575307392653882
0.020384446084442454	0.032159382214670074	0.4535681722000485
0.8880938029825562	0.7421048298256718	0.11235531249540998
0.6040618359377872	0.8653736538392511	0.6021844549053821
0.17473318010880867	0.9550392899202016	0.2331029963409279
0.5263989268849978	0.9224426433848448	0.5288709823186953
0.8874075927145044	0.9190063551054645	0.36897600105323547
0.9149795380179648	0.09897315239689797	0.5717534102369184
0.6175817447698086	0.7157645812404876	0.6000515758612412
0.11628426271566883	0.9598688533162503	0.2893749608933184
0.14514636982069085	0.13940774600177108	0.9962620546087986
0.2784794462833067	0.5914422678920264	0.029274787818233006
0.7977684917483246	0.2804619229228602	0.4061412765863771
0.2359846291192501	0.9550412381563546	0.37755928412625606
0.6997026542177986	0.7809677051938975	0.632253311181134
0.7448872588556534	0.9053005151664704	0.3279797444027742
0.035467420191560906	0.3460931922894386	0.4397697685454697
0.21093808379248646	0.1343048733881007	0.10392883907240735
0.9633763819730687	0.5868920988399133	0.9775050713386723
0.8940112180145202	0.5827258618613254	0.7876921768550489
0.8463167465155956	0.9967121376472721	0.678459489400693
0.42545886932123644	0.02470183135238324	0.7009845379123245
0.30860110912410355	0.7985757291901542	0.20643956280092446
0.1367166714956738	0.15709686496725483	0.4434064885358342
0.5318703752872128	0.1705203690853463	0.9979595880543729
0.9766945637011073	0.6964070284328344	0.11088668309322536
0.9763083260468329	0.3642217419671073	0.2543567670248751
0.8557877553768343	0.8630966214147919	0.7804677568879609
0.0036784286803468458	0.8134717093954761	0.07864832915685882
0.07222880055348857	0.16293063822994613	0.2021224322468962
0.14325718007888422	0.9742718137726389	0.7508600615491651
0.21734974416187658	0.06880253422514127	0.27771494679449016
0.13039451686907844	0.10990385487886167	0.3614236529065262
0.8550965066868607	0.6136695676530534	0.7046051962002144
0.6436798614448449	0.5172481811361229	0.9289346434995556
0.915865500934949	4.787484174206824e-05	0.14069240420757323
0.44272733011554877	0.5172650759351441	0.35659818099272
0.5157034304561711	0.40487476906428366	0.27637012489445456
0.26247854622153255	0.46457399932152554	0.219181852067585
0.8683246323415464	0.6903824220824442	0.31000054599089333
0.6266666714625421	0.4136882606811475	0.6212528673190151
0.5508465602426948	0.36219290425867334	0.06822446889002431
0.7116029534654245	0.525328171528669	0.13006416484422567
0.5520765533405203	0.8130249495511013	0.058063865847730045
0.2243694096729142	0.31340390199005463	0.015561230168994689
0.8520376524785065	0.7341215712271857	0.5972749334546604
0.6615666042744232	0.09122147207462794	0.870357476710565
0.41985095097335245	0.26593099846554846	0.6023176360075607
0.5879202019189992	0.6026229240648229	0.4048270217557124
0.43592834746040343	0.7998700379666611	0.7222070539784192
0.021595686480826437	0.04013764064991898	0.2808381549511254
0.055732341523276996	0.5586839324917774	0.04773617643542427
0.6757260345147262	0.549228554486504	0.6440113513108563
0.846530172540397	0.04841167655453382	0.49763235148291984
0.12475326510788176	0.2587151536061213	0.02128008580553109
0.4354446291045009	0.5578421246853352	0.7602028539267978
0.03814324203771591	0.1839954511532197	0.020536242522730785
0.07169722754512842	0.6259695461713195	0.4585166985408804
0.4895522215776551	0.9730852686626129	0.798226870517559
0.22865701817548212	0.4212902593420331	0.5321252806356731
0.32683064995402356	0.25794801221430563	0.7704202316901023
0.4903166445166942	0.7998578698355958	0.23267818142075747
0.3049522694554704	0.6024992876366001	0.8539518087605166
0.4851474061153076	0.0999138072193001	0.5849116662287376
0.7258724567291832	0.4330312426333103	0.5756847071719791
0.959445732476112	0.46637333533005854	0.032245771360025266
0.13038289694650385	0.4186407751264135	0.6904432725810464
0.9122775032760654	0.6594284341122421	0.2331070938091082
0.8564378663383988	0.7098397550457737	0.3208132077721757
0.40916080714942005	0.283030570733122	0.13925632163435753
0.6328681499412169	0.20045772673200424	0.496994956242484
0.46664534117364187	0.6532532114768329	0.214797959312792
0.2786035425355027	0.1450137359295115	0.12960490067447517
0.8996127190747343	0.4782555288431395	0.6984831550316098
0.18474567346131932	0.26703869882755626	0.14480821978162584
0.9701872744390753	0.8305843870905057	0.9321028053630868
0.23835821618259967	0.8054539655792372	0.2169754480638414
0.6346665697690715	0.4853498977825178	0.7863841002051439
0.13481255291309002	0.08188715230323873	0.8904607252940966
0.40578688916704275	0.5504473540224387	0.841707038984772
0.9041290546750668	0.45497663099649255	0.8863741739723126
0.0876352656865842	0.12646168323978912	0.35341298013910016
0.6269379372419007	0.7695245602859476	0.4016323196436554
0.06760849688010817	0.1682420846849655	0.7344939904450322
0.84446941811718	0.8167795727574237	0.5480164351303461
0.2952871490369301	0.8594814337793496	0.8038170921798791
0.9997292770528615	0.6134926189631388	0.04951102311632982
0.879891067929884	0.0004190587803674095	0.8312841911471641
0.15374753203100888	0.5867715124525874	0.5742475595116557
0.9369531322608906	0.09121933086509337	0.21033824930937495
0.965048264621483	0.4584100875011895	0.12037637055664396
0.0974350052087517	0.32382345339936347	0.1341304279158242
0.6075077061450469	0.9651225611082523	0.26743221287076446
0.8349232358218222	0.743467987642535	0.5779671664380803
0.9610628207561763	0.10160753670977185	0.27135579404609067
0.27647719034708407	0.7993562017141402	0.9646980614308573
0.2907943393105089	0.985921376084209	0.36465334068493294
0.910961659443397	0.3968924692025074	0.350050279905995
0.02912081620656415	0.664595771291707	0.11492754089270152
0.5935624682546122	0.4400971328101765	0.5505632135389229
0.30418892076858994	0.21064363636643624	0.40964552221166994
0.5229610655447816	0.932956443044836	0.1355697939676649
0.477484510868427	0.7225451437470749	0.17392294361036686
0.6063075044908863	0.173533821151735	0.7162689570267752
0.8296738187601794	0.5158330915003428	0.6013480281684093
0.3153336481150649	0.19578239133724407	0.5383446004061833
0.021309897214262685	0.020496349236479694	0.7235694775309078
0.6027321993410134	0.3349282651399774	0.9478512540187487
0.8385633369528026	0.026275760493046474	0.4597843247289063
0.9438697779765957	0.9068786038073591	0.9593254703823709
0.27932429625394006	0.41747713539892917	0.760191771274478
0.23535150271314786	0.3666652429551619	0.4452350605161146
0.8153663232113617	0.24089757784858035	0.7121514799447257
0.1899399556819109	0.6579000352782757	0.13557542556054358
0.17446904673496066	0.9472067705450814	0.6820616645128851
0.6636880418413913	0.02807152499520882	0.8295085030091641
0.7759532930262935	0.19340031455583817	0.28768362509651335
0.7363922155706272	0.2600713736140323	0.19846739775105093
0.5470534631197295	0.5324823297497511	0.1913930466291398
0.7131803208143975	0.6090453174310879	0.18256677012868572
0.7740564370498757	0.9824755900395999	0.5043090528059567
0.7471729735483147	0.16542512397535414	0.5790539719237235
0.3840950322916197	0.6689169019881879	0.5897606502506819
0.33808288538741604	0.560891442779113	0.27079661712477043
0.45959842983981647	0.910429952034851	0.6820715209572814
0.8674154657860544	0.3947323812365764	0.555643194913738
0.4142928413022233	0.3168419520355541	0.11196572289603846
0.3337294028965787	0.2871872116391023	0.8892383906970923
0.9219978931050073	0.7131290145472514	0.737362120461913
0.34676585280539785	0.7667063521761015	0.19538536796637784
0.6090975806229152	0.6386010542722096	0.7990961580648184
0.1359628700594786	0.38509775248786304	0.6885159232117752
0.7240474567231339	0.4778976551281021	0.11867606106271056
0.10282733725697968	0.14919608321919908	0.16330261841236793
0.8855608150928129	0.33572897275751956	0.379754593155991
0.8280168473254714	0.8713365488002807	0.28485805610678405
0.21813975366613703	0.7165170213296876	0.5617906166933515
0.323914888419626	0.3386804265804917	0.16064509501270063
0.1425122831740121	0.006329728211227237	0.6171550704426011
0.7458244339895653	0.005389892823603026	0.22322389757712136
0.5882504403340342	0.5301747498655351	0.7932222337800854
0.7925427788261874	0.3721557105753456	0.9630681399859102
0.6919003855598227	0.8840865363636408	0.7091571935941541
0.23070699242576465	0.4185663737445574	0.21238616841832825
0.15981236551451217	0.29673603684850625	0.9472997234183281
0.5608628875985532	0.36344222541687	0.4425208289756343
0.3245670326319341	0.23366631718120068	0.5119562938200252
0.44533963475047567	0.3861964998896623	0.4197062731733501
0.8168668667193166	0.44958000912878293	0.7261748037262612
0.17786168962171212	0.7401629745721194	0.11926170215844067
0.9074233713167694	0.19815500756211812	0.3667006557813822
0.8862137378485893	0.3219355825285952	0.24478543758581317
0.04814126875197655	0.1400964510180871	0.5201715726016697
0.15719365123641427	0.15946310123350205	0.2309724980262452
0.5231014073849591	0.5667390373966512	0.14747019082882562
0.10913712865512315	0.7522474487205183	0.37732091589836003
0.5395401654757906	0.13480995751398528	0.45279206218849066
0.4806995223961983	0.11923700750266819	0.7310300153496795
0.7322496641537635	0.008677684292102028	0.43298108057097695
0.7319629543804057	0.8221161890323679	0.972521625455483
0.4475106245321203	0.8150706506859491	0.37555863951381474
0.8850175879977915	0.3408116129946299	0.12226718620631705
0.37644435181406477	0.6987753185378742	0.4421746784905296
0.38282365061903556	0.30867454998329347	0.5531790434877537
0.5621424339526242	0.649047122345034	0.8023261974712596
0.9419756422134714	0.07381667609282672	0.6894516566662559
0.6519909084833014	0.11758255248822724	0.7664880465476215
0.2773943482409622	0.8223919375426095	0.08578331840755105
0.18110332203124102	0.9355375828801823	0.18176523586601412
0.7751587351540725	0.2490368562191475	0.9404291764246191
0.503477772610872	0.32016795322310376	0.25782557962913866
0.08779855019693616	0.4301420937935655	0.41089556183265075
0.15830472885191826	0.987381590544238	0.6938633682803903
0.640120569676334	0.7905903684160128	0.7213889844765059
0.01373327691612991	0.04799206189078198	0.09258195911571421
0.4161646463658949	0.3806779964857585	0.425411260976277
0.6165980444732847	0.20161845905639575	0.3702794967103322
0.2558398903651805	0.14323435055632894	0.5627083426825948
0.2635111891442218	0.3006387733307937	0.5948789246849208
0.6800449482436899	0.7770733465944341	0.9730430828982488
0.5354785298244098	0.8249742601905453	0.5254818841567171
0.8656610057473374	0.48296881909713874	0.32148990224443397
0.9619416462786499	0.6402968723601784	0.047722190032892464
0.8660641266308003	0.08129655305576988	0.9024565421583253
0.7465798334415079	0.3829852862757084	0.20757748224988792
0.4674788335167045	0.5420663063858768	0.5968141408854079
0.24176427956790625	0.5992638508973384	0.24791809430778933
0.2388067251249364	0.022491117682918338	0.23076800459078894
0.13571347989399152	0.9019588886864061	0.5477471670833675
0.915559686849285	0.8753369382484092	0.19448596431386111
0.90329695041035	0.8061040560361872	0.2113159289161226
0.21280211488713108	0.32246403124849343	0.5121536995111284
0.6874477781413941	0.13953594534781266	0.44739743057680836
0.5676458750247279	0.7757646457412005	0.4921159259679251
0.42782593011121783	0.07847650947407381	0.22118029830108565
0.8197369813663404	0.4512440032390739	0.8476198098926148
0.13007800158634952	0.9368267755971214	0.9298677341606915
0.26569769636503593	0.5020683464600243	0.3607315918355134
0.842311904891799	0.9304348649036394	0.7942135978556565
0.21368726024171236	0.7447904335971457	0.8500721998746853
0.4372402997289945	0.1617591568938912	0.3445494336488314
0.8850796784401463	0.6667568558307532	0.14872965400627225
0.3060642008950547	0.736320258299264	0.13277263470575484
0.10799854951013288	0.1112268640524754	0.8463083489480632
0.8750767817097626	0.05559473528326753	0.8607421144537734
0.24530837512310832	0.11574845707421955	0.6528080719759907
0.8629972387138428	0.8766257945380499	0.368120005277884
0.7488465673543655	0.7779018968039354	0.20736681272132185
0.6390007405013285	0.9569876939121673	0.3646592674381002
0.8759219806598905	0.8232623219990527	0.7450113242203462
0.8049702807235928	0.8527142095714086	0.8527377944698659
0.7285266677482501	0.12545940579975012	0.35539701346630737
0.9417028876039872	0.27867981791826424	0.5384808307020577
0.6757682438327177	0.6680976932353412	0.8892110629558153
0.49701093826129894	0.15153824129570892	0.3974752948037086
0.45861324206761944	0.0012265328387924823	0.22823096016322353
0.8510361652083295	0.7258794180155752	0.6899167552869866
0.2302856398090931	0.4567692352053362	0.43082487507347667
0.03207498023499544	0.7939773282403441	0.11485702506183848
0.8862220007707325	0.6064709174837948	0.38799847810967725
0.39209997563491616	0.5174304255710521	0.07752621133541593
0.5187013348355989	0.33528817549064927	0.8395730640468766
0.7163260723624008	0.6897279062570274	0.7213331667440653
0.43212318795006344	0.638258120308259	0.7810210816528147
0.7781673451677118	0.5264690768393604	0.726847130931839
0.5139981107512235	0.43232625769064814	0.34232198996838403
0.6226556803241317	0.881466441464372	0.5670828727332357
0.20324665470204817	0.602149875058827	0.6359795946017401
0.719487483599133	0.8116582076392108	0.7438826938249434
0.17417444252362702	0.80748064302849	0.7510490193910678
0.4702253678373509	0.5376693368949308	0.10499301668358585
0.6135315229600264	0.575389124445472	0.649416925761105
0.7699743045657116	0.4057149814582601	0.12559772213467457
0.786546189260384	0.5276844848802063	0.35891486375015047
0.6287861925122782	0.5704240294888298	0.17209151370107256
0.9977465884156156	0.5108698618519456	0.7891831790030112
0.2458608566626198	0.43188636859912655	0.2926726801690043
0.46835428504813514	0.7943243680049411	0.7943490027924591
0.6342596115242725	0.6980007512374353	0.25367978196285557
0.2941530590975885	0.7455516525421069	0.6723507941046751
0.9104125486544213	0.212372638871418	0.16596305958605095
0.16737978344088378	0.6398543051605127	0.5273121063367033
0.5955431661578131	0.08859284374132914	0.8284605953073562
0.2608478004507807	0.3747577986494812	0.7969447970841931
0.6659008292094906	0.20544300929148807	0.209394734512096
0.79521076137222	0.2965486699702591	0.2548924859299134
0.9295917231671108	0.02099358397700024	0.27956405075304647
0.7892955186175615	0.7175142618402915	0.7885293663221132
0.3064536730550056	0.6609805391246013	0.5361653400737018
0.3861732132071162	0.9790411316615407	0.09824581779689867
0.6865873066106335	0.5695646316544991	0.8807274384951465
0.1262527949144986	0.34119101303799104	0.1337574709836742
0.9073468719479025	0.8993904637240129	0.9931657938071048
0.23155302391345578	0.8990923181600666	0.4975418311773273
0.14119242718054037	0.4323344389968171	0.5518337789627814
0.27638148202241397	0.9783173376264099	0.9440531464544124
0.8880431656586595	0.23507236693377664	0.7818025471938245
0.6242361366281687	0.6582755040940419	0.40092292895582105
0.6499317867951784	0.4705776132483086	0.4625981187944894
0.3061126513201271	0.5473585002766427	0.6405991038669568
0.4729427793123696	0.37256466775303376	0.8060343656796396
0.8310429123839889	0.8393738339642002	0.44319795599384904
0.38420730314333174	0.3445534807388345	0.26342279517275313
0.06501470771807694	0.2042423276801021	0.3463579397152081
0.4046159801283459	0.30164620722166446	0.4927421735440294
0.6291181831498327	0.5363188274140305	0.08943233330162059
0.5449651867858616	0.5145651280960157	0.7521594641167768
0.9475801919320168	0.1715768361989699	0.860806377590253
0.07544427011014343	0.014712236719376381	0.563231919605531
0.7762302505113501	0.599267915466234	0.5208383998308571
0.06727764022467997	0.4029648964762399	0.7318074712329473
0.5796724538565554	0.9827373315699951	0.40788846868072415
0.02127096508862858	0.7767262638882962	0.9982364209115495
0.7133411713133505	0.44931268534076985	0.7222975970063197
0.8315378352478588	0.05346083102398458	0.8098264960817405
0.22889261692507634	0.8692735668196269	0.4239860723131763
0.9320400769949124	0.9448965310530192	0.29533069297751946
0.5472130698580153	0.34960780126136515	0.9708731004501253
0.5014558906743037	0.2750427291389509	0.716361318776362
0.9815454973438997	0.1452393346209302	0.6706946240923836
0.7881999075546807	0.8197503329407356	0.13234350781080928
0.2111489467162494	0.6101469925090217	0.866610686294386
0.36061108021891	0.8220937085297693	0.019287710194935914
0.6698767616541924	0.6313609754786934	0.34005355049931185
0.05279171034063068	0.04368185793641144	0.6083223795603381
0.710386438518063	0.9783072106275646	0.0561866599449633
0.10453413623483243	0.5903589017973413	0.04811410097155111
0.33151809447265745	0.3164675705209532	0.6052778806727994
0.3115050664576615	0.5902084395452171	0.7303771656760734
0.8160837905322046	0.9444891784369326	0.9621656132235556
0.07828652325641872	0.37129568228374044	0.3369422997010949
0.32624219329485227	0.9167635266928771	0.05369173481063927
0.8922793401589082	0.8575035462101904	0.846487684748242
0.22698109338089123	0.28273262285789746	0.0721937453918835
0.9685845367467	0.12474727507924233	0.70413384728729
0.0668227245195161	0.02129163540328538	0.5927229752477835
0.04220681507598212	0.8702850566969713	0.588669489689855
0.7596683014439521	0.8802448796853682	0.3613565684506167
0.38402399504340845	0.3012701201509195	0.5132465383880822
0.024559680485892854	0.013295544843525908	0.031272003906881896
0.3483827967810803	0.6839213325546655	0.9602405034442544
0.5758738844445342	0.29914169311981365	0.4270776451503816
0.4856798998905899	0.5235850326313285	0.48916212781909485
0.8944789073259065	0.3909792262369509	0.47493577258466535
0.06614260743855127	0.3754047395344279	0.6618455068795851
0.5936264388524902	0.36846831454866924	0.4170405770963047
0.6757027318293435	0.9214860435897939	0.8046089082858798
0.44999704751694536	0.2249931742074881	0.20066754941767073
0.039527917801066126	0.10807150145695354	0.7736163876219038
0.5129174867119958	0.22850757147728373	0.5293613677067082
0.41655060760556983	0.4389977194963952	0.12831163281451596
0.852598781889828	0.5016314821833053	0.9406040832137943
0.12097003615998436	0.747604997112358	0.03252006371116145
0.9268908432178831	0.8774683945045043	0.5008235257346311
0.3862076250580845	0.46259005982695456	0.026178484289882675
0.6078886781505585	0.8467047721788495	0.18251415176041963
0.13747052480609456	0.719264320306254	0.5476003747560569
0.5116101422835212	0.04485719915158781	0.06455725956327518
0.5803660103261514	0.8010140596115252	0.23990278566066958
0.5589977962445117	0.2821175134170424	0.6717923885133459
0.4260509746281582	0.5536595041338345	0.13418392593740092
0.39131688710472645	0.9220519606635927	0.3062068330472366
0.7836908600491099	0.694511863389909	0.8679659335144758
0.8557882304729909	0.8996145059877625	0.6343643148475369
0.20066637166276524	0.1178772290025979	0.8869526805593633
0.8227224640250048	0.8291530972056984	0.922447438370416
0.48482352853296695	0.050241711009631373	0.09093302200829734
0.6578316207639453	0.9620120694666199	0.5843704050127756
0.891786302887747	0.2458406181198095	0.5428210649108182
0.5169019655573523	0.5005103217746035	0.954483742048552
0.8544092114182826	0.3904977535383718	0.8277268838482281
0.8134980560568033	0.7446061675731261	0.6068473340362764
0.9099876036636984	0.3613097921605869	0.9623769684603178
0.5211010072995376	0.9245943936582142	0.9538746568634122
0.7633260039906032	0.5832141723777315	0.5299737122858337
0.9674749871850719	0.1643134406044372	0.4210403596913692
0.03690788933189548	0.4792192010627898	0.29938871312211934
0.9359398852157049	0.9512856173282154	0.2242050628758384
0.9348070495168002	0.18401127873974554	0.6617798794732206
0.984442344619721	0.05112888562008677	0.6901632911644164
0.11738655255012398	0.8758548608723316	0.1831044355323742
0.5079477356405012	0.19023599391888346	0.1156155713091287
0.4132215323822078	0.010503133056634972	0.5441495733048957
0.12829219058380015	0.23763239410993253	0.11814151743979007
0.6527311850547608	0.0743814977793491	0.024203286384280487
0.12256728343936107	0.7336806013611337	0.09553897315659865
0.08072460856336239	0.52117169323665	0.008602803714859553
0.012765738344461375	0.3756710148133773	0.8241159903175072
0.8894842967849644	0.0022000774654207245	0.23114609255942453
0.8433934762605483	0.09411544325324672	0.8445073109679413
0.6320335870190191	0.5935378885794172	0.48694380061996856
0.7144540030315856	0.6874975839599269	0.18557099622361428
0.6973919306742352	0.041619871317386314	0.2826562837962189
0.40305466803935774	0.20335128750628928	0.00194438117789697
0.5662452289723248	0.3780843426452727	0.709624767711142
0.13278611043359778	0.688751520950361	0.8881061380236555
0.24243762272066882	0.14597132462794704	0.7699647695556388
0.21608256822059335	0.5920386983457012	0.2747064506746826
0.32973923813785044	0.7665204208644536	0.12640791204309054
0.6509720940835515	0.7074865800563326	0.2476791063015421
0.5845800303514574	0.41258652302804744	0.45564641721266885
0.9529176855910919	0.6559639510405214	0.17889119801134568
0.18689504691179715	0.40688008269508813	0.05973850529164193
0.9198601323259512	0.3837327726238575	0.6304435601338758
0.2922692888069528	0.46381521313414853	0.6242117440680836
0.9349557812469785	0.004461456556620558	0.25275033773194
0.6817610794688475	0.4346260040996147	0.8746240912376563
0.2105974754365687	0.514607861507331	0.8635133935471306
0.14629196512375175	0.3058950039816174	0.7261769243789328
0.23654020388501862	0.5086646675086093	0.18151348285792646
0.5516120119344154	0.05816625317243751	0.12795568881278185
0.8266487019378396	0.593257113477377	0.5740555025263884
0.383538958762458	0.8527305307629583	0.8045125846098806
0.8972784384973298	0.006953177145767153	0.23058322463053726
0.510601912739246	0.5506637886826908	0.5236315914174364
0.8751600225528154	0.15072260505735946	0.5384866081731707
0.34876697753363717	0.22733975748554835	0.21922239863316506
0.38953003382690377	0.3491877506444754	0.4953838829945004
0.9414068222602127	0.6437413801951175	0.9456850782007385
0.3862617361514247	0.26413329961157705	0.42631159645807715
0.4291155860831165	0.21642815671328963	0.9453891718351245
0.525887849935302	0.906503951745475	0.5608256300549265
0.25087344242764287	0.8932092136482429	0.37433533017372866
0.5277676923475995	0.7808140776648615	0.8122700618576947
0.8278069237288687	0.5584383247752657	0.13576530233155104
0.5804004613661695	0.84958279004561	0.6400251760258565
0.6218642751349357	0.39089088733079247	0.8839066765621408
0.6310309447785474	0.4384468143488802	0.45026321265653935
0.8556930290817505	0.49596551908944386	0.08431972818209299
0.0740437980566031	0.7127485241708601	0.3253278809718747
0.3905452673879166	0.3018763185989567	0.9028629994348824
0.5129442490414303	0.1872278130274102	0.6982782977220525
0.2294356391388911	0.870948456835013	0.3272285274500596
0.32879879499534015	0.8455901119554795	0.7072683615297063
0.9230766727068749	0.356878890380411	0.7901607692734968
0.9547663011197599	0.8245685537207792	0.1207345902034559
0.708409472713146	0.39575432840171676	0.8037640539176453
0.39814371984955355	0.2337528497425091	0.5858061613854862
0.09448704635630878	0.9550268639862696	0.19136448350609736
0.09985818524868939	0.41300882920367454	0.7128988284286594
0.16597891494830874	0.613947411195387	0.9641482503433858
0.29468028259438406	0.8277328878551131	0.8855418315776117
0.0846970769876374	0.5883566576321133	0.7193671311104626
0.6390883575730756	0.2708522807408773	0.09819122108111844
0.5151663976079279	0.6202963017746049	0.298906941331363
0.5407880330141397	0.8116290826800866	0.7530996447268336
0.6248624725797307	0.864243905596824	0.851191557578478
0.5697974657163072	0.4672924522887104	0.5692788362004939
0.3974197615771784	0.9727344087037513	0.11975802465175212
0.08042141661590096	0.37052551787331456	0.6581964581961737
0.10466220711416652	0.9826094479485733	0.6833764838871977
0.015147205269994024	0.7423449226288098	0.19424541560790953
0.6667398679146408	0.5673008370679792	0.42487118059653717
0.20121992215496864	0.3089837799824606	0.5027059220405777
0.8342415217968591	0.7969038858017148	0.9386630066037919
0.3296655633766201	0.015587068950544736	0.037100080655315226
0.48920745809719257	0.6752099053982049	0.9756786847807808
0.1750002648492276	0.8943341935684959	0.8186717520906034
0.7916102881486965	0.09486870513747259	0.9134255057725013
0.41917717040399916	0.2575656712921385	0.4162756672794383
0.654429393685913	0.8806253303283145	0.3494885867272639
0.299011977250917	0.09914619071229247	0.16364011067042006
0.07893993231898899	0.7048040986340822	0.3846651285444569
0.17706135747037766	0.6402247266273482	0.7247324629017056
0.6953627164382497	0.12190179540260893	0.2389055408257572
0.7408896037214254	0.7727327237419177	0.46249842243837325
0.9360733667149573	0.6956020148808822	0.6258694588997
0.8761671541307797	0.3528056116687095	0.7466001847820852
0.3295794579704834	0.41203869876113597	0.14079647774649162
0.706091116681357	0.2771410539142726	0.9862776092908306
0.6240738061363308	0.791197121562278	0.8908211474183263
0.28901399206916545	0.04262836018957594	0.5960180792821176
0.02283194952315326	0.10721075420781001	0.48731938005352193
0.8781948686225651	0.09638545733322768	0.5453474092342236
0.8093494321363649	0.9697527766782813	0.9772708125150354
0.9239388243129542	0.6363058437213621	0.8359150773131003
0.9774146337496988	0.39001361464444595	0.31228891915843193
0.4581253807066369	0.6396105508981457	0.8673111331052741
0.650329907235113	0.6449357682692615	0.34250745182867615
0.5663392129434371	0.09482710691929164	0.39858838291644516
0.6440818252195482	0.9231078766911104	0.8888898082003933
0.8031479644039335	0.19709874300544294	0.2501199275908548
0.16313512791685414	0.24935519079762825	0.8753250333255698
0.8431985770404531	0.37370876768756855	0.8174806112332826
0.4665291486954919	0.6120547271895217	0.7900323254494206
0.5504369546070802	0.15757693744252554	0.770348133250743
0.45118202949192876	0.6835098536119936	0.8737232423194269
0.06399647391525487	0.8446546507636744	0.6743293116858226
0.7368025691922419	0.19468399930886204	0.6838959481516254
0.36973923817675913	0.6330566749293189	0.023369338958356023
0.8059355998838303	0.8321017283484664	0.9094314739211085
0.981532762797523	0.6668698270164822	0.08170452133020378
0.23997550743294316	0.831912654068821	0.46708003977062684
0.4991139139685776	0.9090842481062933	0.12792239252768056
0.6722186641493934	0.4698671297100191	0.20022264982367022
0.3719622013846936	0.6357109254059888	0.7844981197934504
0.790733013401126	0.265803511052781	0.6536803301499267
0.13900554480821836	0.9508194684010243	0.5502754299040185
0.3681077834334706	0.5368478706752358	0.37434287373383823
0.9395664315971106	0.6477177893880253	0.9342089989760082
0.17355254067121262	0.3664067791677992	0.16577779999073172
0.5746985071060728	0.5914002611757886	0.10761004474681934
0.7815829270830401	0.7488747410160613	0.27890670865861833
0.09940495747845413	0.9848721225101327	0.5463113548796384
0.7837411055759115	0.014987873078323166	0.37542173274277413
0.7755205342107717	0.8702038361952346	0.450236395589954
0.7991681459735018	0.7156292849452651	0.13373932903533448
0.44655014191654907	0.1841380749204563	0.47240640168915427
0.5024596618120691	0.7692348282084602	0.2642091899009984
0.7835703865643505	0.9922222600460023	0.7479216673884806
0.10430235955930345	0.6273665648848932	0.1629384990099556
0.4954997429171566	0.8092104539315691	0.05788955827913023
0.42929935755085036	0.42614869874235184	0.49269655129015133
0.13692747758172374	0.34121088637643326	0.10634866373064011
0.7567298254972665	0.472204551238281	0.8274320083822082
0.6691096355464282	0.6504966007718295	0.00537520108722811
0.07208720565417526	0.2680229830067561	0.7585149908521949
0.2617270660886929	0.6977333914836495	0.06566215106645623
0.8247857832902682	0.25107061938186814	0.5948234869117913
0.6699043191722399	0.4054193198362571	0.7551037748471945
0.26011531378117025	0.3926908889656754	0.19462690670483695
0.34894625702242665	0.10857166829467413	0.4084548782562807
0.19839976004222237	0.21816456945467277	0.15306713735577138
0.5298415102119692	0.6979675534060903	0.21826283518527045
0.4896868564311121	0.9389333720862346	0.26007066618276997
0.8341566787982062	0.7433864388427351	0.5363474997718738
0.943150915233944	0.3546363946221238	0.3821566223427322
0.1469898692622731	0.6384217632326633	0.6089171366983032
0.8909905840039166	0.492990061497256	0.3852137989439445
0.3036564404435853	0.6704870582149032	0.49521975812556285
0.28131358714856236	0.10770423614188418	0.33980815535411
0.9794579765596734	0.4226083302968232	0.04961839684881719
0.5438067841825468	0.027811970340137826	0.342342151005539
0.839413621308874	0.8788828282969936	0.29163192349439304
0.3634715840320041	0.011306505084853757	0.7747171000985642
0.7628742927813689	0.8991469818493333	0.46145898527424256
0.18273088813752214	0.997308567042518	0.539162352521777
0.32879449293819574	0.5940318846188737	0.2160840678148912
0.8996518932647258	0.16754645180244088	0.46103327640708747
0.12977455817606076	0.21075628582534767	0.008273172157418962
0.18160181660488728	0.04165866094570514	0.8145132494157943
0.13111814028504865	0.8195068557763631	0.05204611362828093
0.0734880676004036	0.9095954807484593	0.1610653184852413
0.3960374703077443	0.8148316394840678	0.683775984506676
0.39523877298359444	0.13038984116273367	0.8652322947727004
0.10386781227556652	0.7928855711870758	0.7564702794216646
0.5839221822703535	0.1426569689172652	0.09422521888098823
0.1660450417143685	0.06746756897941963	0.07503408735364803
0.8363540513585286	0.3341857990494175	0.4471911916982809
0.6884151390935069	0.11235674045517507	0.1718915547358485
0.3968531951294144	0.5624255377710553	0.036378792200685295
0.9781414344172603	0.5945668870663143	0.6034731096441042
0.8379660851467582	0.45057815662525535	0.4606754148849409
0.3717003172065614	0.9125099438600125	0.9955934201690144
0.1450782986290584	0.8141178167467943	0.4954719224660554
0.5458707258206078	0.7093988726125391	0.8475755146204461
0.5655362358907887	0.07881950197786802	0.827711343008717
0.7859381329756508	0.15852754094161037	0.08996071966101526
0.3407502240611311	0.4182162237971352	0.9117887629995948
0.5170814852259493	0.7838703258867017	0.11570741389525707
0.8198900962246698	0.9885575122979724	0.10153947518087458
0.235527778116278	0.6793008774270645	0.1434914210008732
0.2137518740883525	0.1192301722079192	0.10594097605412933
0.058025382218000465	0.8877685065462648	0.5544071137845975
0.8655948462408783	0.5650736268325498	0.22677038937721672
0.0013363780352857457	0.3298594249289857	0.39412856919932826
0.19164588516922376	0.04844265587332108	0.06971123322741613
0.9174538107947943	0.39009022172443	0.05847770408510067
0.4190426108900407	0.4770426935204042	0.20900936597684372
0.49819433752598885	0.6976144107772843	0.6820736702059433
0.6091529805935788	0.22006666263219077	0.5811801540226668
0.9759015490889935	0.7457796112190044	0.10392273160718724
0.9009831751996322	0.39650333395479875	0.2204009399137311
0.41302126668678874	0.6913823407519513	0.8513066820621555
0.4407780131316623	0.0964991997786463	0.5381665022852854
0.8002741134837399	0.8706441298338622	0.7637910667114208
0.7788992795205848	0.9985315032601317	0.6253704109484647
0.5451933330083282	0.4836739815958284	0.40664046261907205
0.33133441137800634	0.7672909803601055	0.7972294170790973
0.017135748749691038	0.5124251829687794	0.7050998669677682
0.9948267537205416	0.8084612470937674	0.6699052761303215
0.6319654460554689	0.9102370253304739	0.03805127581944234
0.8566295615153127	0.6061604992071656	0.5432157542311928
0.9359261713404766	0.73921270644175	0.630085671294221
0.9718365725062906	0.43903786772521924	0.6695820332009937
0.1256588731944135	0.25191192439076826	0.3488112539312723
0.38477196290716853	0.5901324509071842	0.2823682444119975
0.18621793399683106	0.6937952251784076	0.9298736908276273
0.590322849402547	0.5609489376067553	0.9086069030861298
0.054182026190933374	0.24440561623068335	0.5035502012847993
0.2121922337068065	0.6550301261632923	0.9546949515032424
0.48939269460054713	0.9218678789062287	0.49886815574648335
0.6366535291964681	0.8801051605714181	0.13980295328206738
0.57228816980933	0.982896703612039	0.4227106737917128
0.17713318524583677	0.04755028379138082	0.36031039912703444
0.9137130464255386	0.3951012202607418	0.6018338942810344
0.24058390587555178	0.29285949473071304	0.9429530859654621
0.7675456097847935	0.8155319987594783	0.6962474316159101
0.6174055920046804	0.28816040208633964	0.8821550406095625
0.7471068990002034	0.7029778268747034	0.8649322992307416
0.888043823013195	0.024692208859201648	0.2910821394628842
0.6599916439090484	0.21809602850705279	0.2349761755771943
0.2840946392617444	0.8883403896104304	0.7797519431307071
0.4204968907482517	0.2215366752091963	0.6811516003960949
0.554407527794317	0.9432404646189682	0.8353207293414207
0.866806021315948	0.9073148197181331	0.3176857987737981
0.7268983242871261	0.3849788485829162	0.18115809071833466
0.6967165476948065	0.2433127566029526	0.8750109404098052
0.9965571917696994	0.5818296477033625	0.37425172377524707
0.1460040768476324	0.24150137820659867	0.8835000067129399
0.9103250426097282	0.9099018722442818	0.31297892759668366
0.20195866087703396	0.23149643294086786	0.111929228464696
0.48533657090947724	0.5281754161144395	0.46529601073294846
0.43858502552046796	0.10695674647980102	0.47323626817277564
0.6905632024450542	0.6909555297395983	0.47750543364517795
0.7471600052903872	0.6788651043697584	0.6277059959110713
0.14549469008678084	0.011519941333504313	0.6290455760398999
0.6122747467719729	0.7133783234427711	0.3531571230644269
0.008914554702197375	0.9274300172088671	0.20030404800708446
0.5828198632484693	0.4682283747428567	0.5997824953562042
0.23855778750703005	0.005479771392694066	0.6246178567722671
0.684957760940954	0.6198105778133983	0.16128811108276897
0.02898293578777822	0.045682078812480764	0.4798188565793001
0.6064890794890891	0.04557286261841331	0.19187166492099417
0.8732907295694298	0.21445323345838585	0.06650679903490253
0.3846891068913175	0.31271416536625796	0.8976802403456994
0.05589886978840353	0.9511287840794429	0.36747498696128533
0.4852436859136475	0.652177360850486	0.8725671466347036
0.6330002275387103	0.881183164785361	0.9022104236695537
0.4083712995119112	0.8539451374137236	0.41546789416287755
0.46077290185367026	0.8858873021345608	0.44846580378046774
0.867342633460598	0.48628861128542233	0.963926937270986
0.47851432428622664	0.012503432467796727	0.7841628941920566
0.21701189432711443	0.3183229496297333	0.6222433445051396
0.9093558398452701	0.1877357226395514	0.24115389055610537
0.8593480002189772	0.45409417088890025	0.9464971436380459
0.6114384357451083	0.1833929009688312	0.04894916802830851
0.7299320780394888	0.22726251521482466	0.5743328288695109
0.5047772297796472	0.7231537750627893	0.32578304863125096
0.7187889387490793	0.32343261574979754	0.9022797768061627
0.8518736444839964	0.21981960929520472	0.11982030623845308
0.13073373967845314	0.21239756101030405	0.3121694368316221
0.02585106284728167	0.8191770452052426	0.8717497671669708
0.36970544419499185	0.08708100152833087	0.5608029381457091
0.2675535421506334	0.5063602812146429	0.6868999255885707
0.19255257758963118	0.7148473139496349	0.8621291830162167
0.8402837363430391	0.9667845242164164	0.17555680593007583
0.6515935399143495	0.07266043346692908	0.728559965931221
0.8883842547634402	0.44873708136813983	0.5407736095721818
0.8711035838699477	0.6509781225504638	0.4563163013553253
0.4325122003459302	0.1309885853317896	0.8353550274185344
0.08522051723560098	0.16932885101687412	0.867622393243228
0.14016519063877309	0.1598089586831145	0.8025452857441799
0.9695472801168523	0.9201734336246498	0.7158026319331119
0.3035434332706539	0.6184739496390985	0.29276790252748697
0.0883587901693571	0.24358118877045254	0.4420814927165331
0.13129381472767787	0.8961470889678367	0.5364364905653908
0.8569410024598757	0.9694320129169577	0.17874754277272809
0.6806189679851876	0.6268666863102702	0.6566424325850305
0.7504810909424738	0.41424923204633857	0.7592778390929119
0.6702234811420803	0.3557510397456123	0.2078191604356584
0.7294923723824253	0.07168040237705875	0.36798573154251235
0.17779469172680729	0.34409404696833557	0.5475028774074642
0.41847646574141184	0.09631744356809879	0.5005649626755432
0.6080693486175418	0.29066976626421637	0.9150967717179601
0.8068349679920928	0.9566179369980902	0.7517273928527061
0.8586131950093563	0.7301938105450712	0.1175465541274332
0.35186091086029614	0.4511312218647803	0.7416502699324153
0.03435915054128569	0.469024229776983	0.09285025390920221
0.81938529908836	0.6947199996148224	0.14563123001434697
0.04227247345995133	0.3923956318383711	0.2474228050980466
0.2678481486054187	0.4181926769849317	0.509529596087345
0.810047785220126	0.6342722804769978	0.9473838158946385
0.8450106741661975	0.6509756490093335	0.6575347842245978
0.9309829562843668	0.7967619845892758	0.6610015297706133
0.5223251831511742	0.4730618224295001	0.06436127090770005
0.05155940221263189	0.2454305724271192	0.5252934057627023
0.3759742019715915	0.9669324388603888	0.35737915811929943
0.8010555395492605	0.8027305577818851	0.4092756238994212
0.9168071776377509	0.9542546320382231	0.5842778202984634
0.697240860240392	0.35594646372727734	0.41449400104861645
0.5936223158491892	0.287718604421349	0.8882313936400157
0.027203532131827357	0.7445529295817701	0.024515269161852427
0.24784159125833416	0.533551190725391	0.27049047393842296
0.6329021748830364	0.2625716110244768	0.2955228883665567
0.880207098460796	0.425092974368822	0.9705550702636193
0.9576104392446588	0.8754532833808957	0.0917316971965364
0.15647859880014492	0.34507043890925626	0.3359183326209627
0.9630719161827286	0.03354929388126582	0.19581359666478748
0.2048121946157233	0.27672055659455996	0.5382812705754583
0.8105894178167528	0.5392174146254912	0.31347467473313206
0.5184569732790302	0.29054164354407086	0.03217947978207525
0.1928383750845719	0.26710444403511613	0.9169810558783045
0.4028763511898007	0.8598721767615642	0.5318548174080814
0.4199038577347728	0.953720662862497	0.7944589120481393
0.7546986553406183	0.5640322185126784	0.910372179050761
0.8746009539955721	0.10233953933034334	0.6229695066427942
0.41775164597249315	0.2867585069853027	0.5462677401123587
0.6200411560883271	0.20554114129856094	0.0016786569870076429
0.3805510211152222	0.8211070241085098	0.2434897386685838
0.9516763051192895	0.24567985725966923	0.16529250838741494
0.10266773893034953	0.9666057593854938	0.630492122003834
0.37610255763620437	0.20445922671681538	0.26912716907785506
0.9848017814677991	0.11435417578714857	0.8513910462190993
0.36534866877032257	0.6599693207353875	0.6814933052562602
0.5591969281215887	0.8185314189542097	0.3531493612280574
0.04324818739964109	0.764338788037502	0.02161974206312156
0.6301644448125795	0.04450769379379016	0.5949053602519384
0.04161563817733249	0.38462600237899625	0.059556491468463424
0.4036802536832681	0.66032929390021	0.9584612787985799
0.6469396255283765	0.598945022969824	0.25898555825054426
0.8140039162963363	0.11854621833490586	0.7413807949825635
0.5399244678654616	0.3786138720561688	0.08552969485770023
0.8537512701957812	0.19332787363262827	0.5276720784561124
0.367663756200864	0.8856779480816718	0.025953457565693783
0.9298845772829178	0.4561136014268853	0.43288496242425667
0.13323027915406005	0.6232218860668103	0.2208566873344977
0.9983649161992042	0.3360505851336911	0.7496473740583058
0.5792659427168776	0.2224291818623655	0.22067364545827783
0.3099477578676062	0.347917406128201	0.7362733553765924
0.14157304317192532	0.03811014573697902	0.9731619139521697
0.17477272112793085	0.9257545749011538	0.21853960854063204
0.7861157429490409	0.48767820470314194	0.8178282962785435
0.6228529549264695	0.49955155450763467	0.5905530661042451
0.3355318712323965	0.2927858964225597	0.8128442339530036
0.9046514429782598	0.19906182410387396	0.11646722160106293
0.9033411556472952	0.2548354284532134	0.7760598949417811
0.8386441251271819	0.033179480006584106	0.9430169114873233
0.3233939861638254	0.34442460758846816	0.5256226131757387
0.5107826219161297	0.2377873898390127	0.29801236731436764
0.3977320170202773	0.5062322838249277	0.8821927338143299
0.9388219179715571	0.3318947622207057	0.895180398785291
0.6056265795675262	0.30895166915250116	0.5130305087528952
0.12994373156952044	0.6312525436804628	0.08374388315132697
0.9462509697986958	0.5407658599354853	0.5156598025902563
0.5846119131346829	0.10590783293381911	0.022938219998558496
0.7797182339130598	0.2386687082478951	0.7877590743408928
0.10678056046957451	0.5272727973846545	0.5522857565438859
0.14703615474021636	0.1400739079147183	0.12798144002820133
0.3718797644173376	0.40499123932485437	0.007323230652601986
0.5795719370344629	0.9732239108175316	0.6602334826355353
0.0968368408602649	0.9229230351252277	0.17825597184853148
0.6502000516489097	0.6776891138573506	0.7996653284655454
0.26129579913530043	0.17492125169482287	0.855296298108475
0.0897604146840455	0.7599807632724003	0.2701224459473922
0.353238174837222	0.4426438883268484	0.6750456975629499
0.5610159129727197	0.8270257727020837	0.7614579351410095
0.046633184146965156	0.8908732750669835	0.36978010918561477
0.21890430867237698	0.7067539633700186	0.36587608126139337
0.05107375232396272	0.3267498823319348	0.7869369682897581
0.9637147202115587	0.7998505023089835	0.5656159446546318
0.9373482727200256	0.9892155892660582	0.7476395316231618
0.9487028000959387	0.04073159062754084	0.6812702538998081
0.5951782206661695	0.5836808062218575	0.29677873321739634
0.7888172164365268	0.6182661170063248	0.706299742077757
0.9415650988490684	0.29060828414127626	0.8101914455289199
0.6442558980228585	0.48389127361597095	0.9696395625887007
0.08875474283332618	0.8969405243382191	0.14807236290827064
0.9091649547223721	0.6528905313932053	0.7334203537691297
0.574267735578277	0.17843406293218678	0.06934601551781172
0.17604668400193502	0.38724670916271575	0.07690919865768131
0.14693758298413107	0.22041687831596435	0.22820278746316502
0.6406081976593602	0.8766075836333619	0.7485782086789171
0.4097874147108259	0.8614830430901765	0.5949836209630815
0.9164005131096279	0.8761002357902464	0.6402418136560598
0.4084990883034242	0.3807377310384771	0.10661636512795247
0.36549890189238543	0.5946606499016076	0.024409679782236182
0.7457616723327621	0.948854201792524	0.7823218182384307
0.36734660822724563	0.567052025085262	0.13258873631668322
0.09050170169343341	0.12088636272958198	0.5247516942285866
0.41824872739798546	0.897713899509741	0.6926322248106359
0.4785762036977055	0.4564473334569161	0.986564069458079
0.3756883253076323	0.5587273386957564	0.9719965540644351
0.49677856221752803	0.07889366321797853	0.7762702472031554
0.5518353696080287	0.41872246368743904	0.4991307115484934
0.4580855497862366	0.5694527720939937	0.8265126338693553
0.7963337791485893	0.7609910133593929	0.23804904146821482
0.7880332469099688	0.08294748775202343	0.2695507543797794
0.9513109929729124	0.4925196061768474	0.7378476071620144
0.833705758172545	0.5599275067218084	0.32236539793018903
0.5663320898359372	0.587685415077245	0.634818657535063
0.43170373485210456	0.18311631047953825	0.5057807400589306
